   0.000000000000000 	    4.610139345700000 	    3.290117304600000 	    0.597614122660000 
   0.004563814090000 	    4.609628666000000 	    3.282475633100000 	    0.635633727460000 
   0.009127628170000 	    4.607896478400000 	    3.273373677100000 	    0.677007158010000 
   0.013309803800000 	    4.605155890300000 	    3.263657597800000 	    0.718180767600000 
   0.017491979440000 	    4.601230018500000 	    3.252532181400000 	    0.762801871810000 
   0.021674155070000 	    4.596031087900000 	    3.239898131100000 	    0.811231408090000 
   0.025856330700000 	    4.589462842100000 	    3.225647656400000 	    0.863875624930000 
   0.029770150180000 	    4.581982297100000 	    3.210743910400000 	    0.917364327450000 
   0.033683969660000 	    4.573115453200000 	    3.194218477300000 	    0.975366093280000 
   0.037597789140000 	    4.562758767600000 	    3.175959355400000 	    1.038354803700000 
   0.041511608620000 	    4.550799028200000 	    3.155845670800000 	    1.106863132200000 
   0.045464958680000 	    4.536964990500000 	    3.133513362000000 	    1.182277325600000 
   0.049418308740000 	    4.521229474200000 	    3.109011203900000 	    1.264630469100000 
   0.053371658790000 	    4.503439482500000 	    3.082183398700000 	    1.354709871800000 
   0.057325008850000 	    4.483427380100000 	    3.052862455900000 	    1.453405984700000 
   0.060810008580000 	    4.463797539300000 	    3.024804857100000 	    1.548354493600000 
   0.064295008310000 	    4.442161752400000 	    2.994539535900000 	    1.651554558900000 
   0.067780008030000 	    4.418371899000000 	    2.961928003100000 	    1.763872146000000 
   0.071265007760000 	    4.392267812900000 	    2.926824303400000 	    1.886273882900000 
   0.074584009172400 	    4.365097625100000 	    2.890935777500000 	    2.013205125000000 
   0.077903010584800 	    4.335511100600000 	    2.852510225400000 	    2.151294507900000 
   0.081222011997200 	    4.303336113900000 	    2.811405224500000 	    2.301689629200000 
   0.084541013410000 	    4.268388721500000 	    2.767474644700000 	    2.465659798000000 
   0.087397958906000 	    4.235936986900000 	    2.727283623600000 	    2.618739942300000 
   0.090254904403000 	    4.201154204200000 	    2.684794002400000 	    2.783889430700000 
   0.093111849900000 	    4.163902246000000 	    2.639911884200000 	    2.962164696700000 
   0.095968795396000 	    4.124037155000000 	    2.592545815800000 	    3.154704905200000 
   0.098255749489000 	    4.090142269300000 	    2.552780825500000 	    3.319930699600000 
   0.100542703581000 	    4.054398906600000 	    2.511326163900000 	    3.495744321800000 
   0.102829657673000 	    4.016727260000000 	    2.468143459700000 	    3.682843178500000 
   0.105116611766000 	    3.977046739900000 	    2.423198803900000 	    3.881954530500000 
   0.107132592490000 	    3.940337552500000 	    2.382095525400000 	    4.068035457700000 
   0.109148573215000 	    3.901949654900000 	    2.339585784700000 	    4.264566273100000 
   0.111164553939000 	    3.861829100400000 	    2.295659358400000 	    4.472085484800000 
   0.113180534664000 	    3.819923483300000 	    2.250311683000000 	    4.691135519800000 
   0.115042784138000 	    3.779583829500000 	    2.207160762200000 	    4.904195324300000 
   0.116905033612000 	    3.737640779700000 	    2.162805748900000 	    5.127975142800000 
   0.118767283086000 	    3.694059891300000 	    2.117259898300000 	    5.362880601100000 
   0.120629532560000 	    3.648810236700000 	    2.070543248200000 	    5.609296984100000 
   0.122439671771000 	    3.603201999000000 	    2.024037746600000 	    5.860189617700000 
   0.124249810983000 	    3.555971865200000 	    1.976484593400000 	    6.122589093100000 
   0.126059950194000 	    3.507105265700000 	    1.927924364500000 	    6.396744225300000 
   0.127870089405000 	    3.456593797200000 	    1.878406138100000 	    6.682849086200000 
   0.129730231812000 	    3.402971899300000 	    1.826583072800000 	    6.989440878500000 
   0.131590374220000 	    3.347618733300000 	    1.773883199000000 	    7.308837972500000 
   0.133450516627000 	    3.290551526700000 	    1.720391048200000 	    7.640984980600000 
   0.135310659034000 	    3.231798563600000 	    1.666202514500000 	    7.985703702900000 
   0.137235246764000 	    3.169278737800000 	    1.609517998300000 	    8.355258047600000 
   0.139159834494000 	    3.105057026400000 	    1.552334826000000 	    8.737397032000001 
   0.141084422224000 	    3.039209094300000 	    1.494797485000000 	    9.131382714100001 
   0.143009009954000 	    2.971827707400000 	    1.437062546200000 	    9.536252031100000 
   0.144739431782000 	    2.910025799600000 	    1.385121710800000 	    9.908578309399999 
   0.146469853609000 	    2.847166275500000 	    1.333285115600000 	   10.287676599999999 
   0.148200275437000 	    2.783354067100000 	    1.281686483400000 	   10.672315317000001 
   0.149930697264000 	    2.718705985800000 	    1.230463543900000 	   11.061083127000000 
   0.151400239942000 	    2.663243329800000 	    1.187362662900000 	   11.393300880000000 
   0.152869782620000 	    2.607355050700000 	    1.144720563700000 	   11.726277315999999 
   0.154339325298000 	    2.551131253100000 	    1.102623524800000 	   12.058850473000000 
   0.155808867976000 	    2.494666869800000 	    1.061156758700000 	   12.389776357000001 
   0.157215100011000 	    2.440501352700000 	    1.022143558400000 	   12.703686529000001 
   0.158621332046000 	    2.386296426300000 	    0.983854585120000 	   13.013669345000000 
   0.160027564081000 	    2.332144505500000 	    0.946357569880000 	   13.318468962000001 
   0.161433796116000 	    2.278139747900000 	    0.909716649610000 	   13.616795342000000 
   0.162916580638000 	    2.221459512700000 	    0.872074423900000 	   13.922902595000000 
   0.164399365160000 	    2.165160782200000 	    0.835515260420000 	   14.218802950000001 
   0.165882149681000 	    2.109354807700000 	    0.800097195820000 	   14.502955633999999 
   0.167364934203000 	    2.054151144000000 	    0.765871219580000 	   14.773846828000000 
   0.168930674354000 	    1.996631037000000 	    0.731072494310000 	   15.043875470000000 
   0.170496414505000 	    1.940023078200000 	    0.697693339480000 	   15.295832914000000 
   0.172062154660000 	    1.884442747400000 	    0.665765792550000 	   15.528181021000000 
   0.173627894810000 	    1.829998567600000 	    0.635312013320000 	   15.739513104000000 
   0.175640284550000 	    1.761852824100000 	    0.598354185890000 	   15.978267649999999 
   0.177652674300000 	    1.695941460900000 	    0.563854301600000 	   16.178004726000001 
   0.179665064040000 	    1.632430247000000 	    0.531792414390000 	   16.337002090999999 
   0.181677453780000 	    1.571457219500000 	    0.502126977630000 	   16.454089276000001 
   0.183215872170000 	    1.526626083800000 	    0.481027758270000 	   16.514936548000001 
   0.184754290560000 	    1.483380815800000 	    0.461260529140000 	   16.550880663000001 
   0.186292708940000 	    1.441749768400000 	    0.442787255800000 	   16.562063958000000 
   0.187831127330000 	    1.401752141700000 	    0.425566075180000 	   16.548809340999998 
   0.189344167170000 	    1.364017736800000 	    0.409806664160000 	   16.512414795000002 
   0.190857207000000 	    1.327875640400000 	    0.395169979830000 	   16.453476502000001 
   0.192370246840000 	    1.293320986200000 	    0.381609658950000 	   16.372743755999998 
   0.193883286670000 	    1.260342399300000 	    0.369078449030000 	   16.271083566000001 
   0.195498469500000 	    1.226857113600000 	    0.356783187630000 	   16.140562143000000 
   0.197113652330000 	    1.195120482900000 	    0.345548629310000 	   15.988585552000000 
   0.198728835160000 	    1.165099063500000 	    0.335317790440000 	   15.816527356000000 
   0.200344018000000 	    1.136754395900000 	    0.326034913510000 	   15.625827448000001 
   0.202427056530000 	    1.102605505200000 	    0.315375283550000 	   15.354775074999999 
   0.204510095070000 	    1.071074522900000 	    0.306091070490000 	   15.058436284000001 
   0.206593133610000 	    1.042055311400000 	    0.298077081530000 	   14.740057749000000 
   0.208676172150000 	    1.015437383700000 	    0.291234759860000 	   14.402837300000000 
   0.211645365380000 	    0.981423636710000 	    0.283327391210000 	   13.895688949000000 
   0.214614558610000 	    0.951731182120000 	    0.277374311460000 	   13.365042375000000 
   0.217583751850000 	    0.926037913520000 	    0.273161878380000 	   12.818681813000000 
   0.220552945080000 	    0.904033238340000 	    0.270502557340000 	   12.263585979000000 
   0.222958829910000 	    0.888704961440000 	    0.269373784640000 	   11.811635531000000 
   0.225364714730000 	    0.875455811750000 	    0.269080392440000 	   11.360836154999999 
   0.227770599550000 	    0.864145724950000 	    0.269554149630000 	   10.913674297000000 
   0.230176484380000 	    0.854643150790000 	    0.270734367570000 	   10.472291771000000 
   0.232519531020000 	    0.847008799550000 	    0.272511395390000 	   10.049725032000000 
   0.234862577660000 	    0.840866034560000 	    0.274862981280000 	    9.635767197400000 
   0.237205624300000 	    0.836116086060000 	    0.277749520890000 	    9.231575714600000 
   0.239548670940000 	    0.832667127100000 	    0.281135624350000 	    8.838083074000000 
   0.242027465470000 	    0.830340130880000 	    0.285226673980000 	    8.434245259600001 
   0.244506259990000 	    0.829280584880000 	    0.289807974270000 	    8.043840275299999 
   0.246985054520000 	    0.829402337660000 	    0.294849557630000 	    7.667317259500000 
   0.249463849050000 	    0.830625938500000 	    0.300324554920000 	    7.304953998400000 
   0.252199218770000 	    0.833167284870000 	    0.306840375800000 	    6.921668313400000 
   0.254934588500000 	    0.836870972580000 	    0.313825465650000 	    6.555778246200000 
   0.257669958230000 	    0.841654257850000 	    0.321253604420000 	    6.207131241200000 
   0.260405327950000 	    0.847441353740000 	    0.329101110340000 	    5.875450080500000 
   0.263551377870000 	    0.855248632920000 	    0.338617568910000 	    5.514453941200000 
   0.266697427790000 	    0.864195758080000 	    0.348630777620000 	    5.174696917200000 
   0.269843477710000 	    0.874195185510000 	    0.359113803670000 	    4.855381733100000 
   0.272989527630000 	    0.885167275990000 	    0.370042022210000 	    4.555642420800000 
   0.276873890510000 	    0.899948808700000 	    0.384115514650000 	    4.211209434000000 
   0.280758253390000 	    0.915979501810000 	    0.398794098900000 	    3.893471318500000 
   0.284642616260000 	    0.933148492580000 	    0.414041761540000 	    3.600666145800000 
   0.288526979140000 	    0.951355975470000 	    0.429825136490000 	    3.331058820700000 
   0.293612433910000 	    0.976614231310000 	    0.451247131470000 	    3.010351171000000 
   0.298697888670000 	    1.003318610800000 	    0.473469332200000 	    2.722929769700000 
   0.303783343440000 	    1.031309591800000 	    0.496431439590000 	    2.465443786700000 
   0.308868798210000 	    1.060445663200000 	    0.520077126630000 	    2.234804878100000 
   0.314063490240000 	    1.091259049800000 	    0.544881595990000 	    2.023997415400000 
   0.319258182270000 	    1.123016091800000 	    0.570291247310000 	    1.835536743900000 
   0.324452874300000 	    1.155609360700000 	    0.596256125970000 	    1.666970700700000 
   0.329647566330000 	    1.188942396600000 	    0.622729111790000 	    1.516102372300000 
   0.335226973600000 	    1.225469170100000 	    0.651677891950000 	    1.371540245200000 
   0.340806380870000 	    1.262652618700000 	    0.681109609350000 	    1.242982406500000 
   0.346385788140000 	    1.300405773100000 	    0.710975423960000 	    1.128529939500000 
   0.351965195410000 	    1.338650394900000 	    0.741229493500000 	    1.026513240300000 
   0.358062145570000 	    1.380921633000000 	    0.774683207490000 	    0.927531421990000 
   0.364159095740000 	    1.423613020700000 	    0.808496739240000 	    0.839985814270000 
   0.370256045900000 	    1.466650393600000 	    0.842621207570000 	    0.762428734370000 
   0.376352996060000 	    1.509967256700000 	    0.877011211700000 	    0.693605751410000 
   0.383108043410000 	    1.558214050500000 	    0.915372387760000 	    0.626244620290000 
   0.389863090760000 	    1.606658221100000 	    0.953954867310000 	    0.567003862260000 
   0.396618138100000 	    1.655235109300000 	    0.992709949420000 	    0.514794726110000 
   0.403373185450000 	    1.703887184600000 	    1.031592999000000 	    0.468685796710000 
   0.410970643410000 	    1.758632868500000 	    1.075427194800000 	    0.423128864320000 
   0.418568101370000 	    1.813344463100000 	    1.119318609000000 	    0.383320424220000 
   0.426165559330000 	    1.867965115000000 	    1.163219249800000 	    0.348446091080000 
   0.433763017290000 	    1.922444855400000 	    1.207085815600000 	    0.317817879120000 
   0.442440552710000 	    1.984441145800000 	    1.257096979200000 	    0.287289421100000 
   0.451118088140000 	    2.046139330000000 	    1.306960684500000 	    0.260817536320000 
   0.459795623560000 	    2.107489936900000 	    1.356630561100000 	    0.237796059610000 
   0.468473158990000 	    2.168450280700000 	    1.406065540800000 	    0.217719671300000 
   0.478535768530000 	    2.238603895900000 	    1.463049210500000 	    0.197574497930000 
   0.488598378060000 	    2.308134396200000 	    1.519618412600000 	    0.180281164280000 
   0.498660987600000 	    2.377000444600000 	    1.575729801300000 	    0.165392842490000 
   0.508723597130000 	    2.445167387400000 	    1.631345834700000 	    0.152542544190000 
   0.520534249110000 	    2.524245381200000 	    1.695947690700000 	    0.139656043540000 
   0.532344901090000 	    2.602281958100000 	    1.759777331700000 	    0.128766388480000 
   0.544155553070000 	    2.679245921000000 	    1.822796406200000 	    0.119553065510000 
   0.555966205050000 	    2.755112353400000 	    1.884972461600000 	    0.111757647640000 
   0.569813602710000 	    2.842637787600000 	    1.956760204900000 	    0.104145771400000 
   0.583661000380000 	    2.928602794900000 	    2.027313764900000 	    0.097930836479000 
   0.597508398040000 	    3.012988676000000 	    2.096601366500000 	    0.092902783106000 
   0.611355795710000 	    3.095781499000000 	    2.164595870900000 	    0.088897738737000 
   0.627296293760000 	    3.189102928900000 	    2.241236142100000 	    0.085391225404000 
   0.643236791800000 	    3.280287387700000 	    2.316098523400000 	    0.082929258618000 
   0.659177289840000 	    3.369324758500000 	    2.389151710000000 	    0.081409001357000 
   0.675117787890000 	    3.456205412800000 	    2.460364225700000 	    0.080762832571000 
   0.689691872150000 	    3.533742223400000 	    2.523833189600000 	    0.080905277324000 
   0.704265956410000 	    3.609456852800000 	    2.585706814100000 	    0.081739253299000 
   0.718840040680000 	    3.683335644700000 	    2.645951967500000 	    0.083275193703000 
   0.733414124940000 	    3.755360509600000 	    2.704529646100000 	    0.085542084796000 
   0.745764653930000 	    3.814927892500000 	    2.752830623500000 	    0.088070726253000 
   0.758115182930000 	    3.873128356600000 	    2.799867284300000 	    0.091200075659000 
   0.770465711920000 	    3.929938648000000 	    2.845599941700000 	    0.094983867322000 
   0.782816240920000 	    3.985329932600000 	    2.889981684500000 	    0.099489797841000 
   0.793453987300000 	    4.031875150700000 	    2.927083520700000 	    0.104013239980000 
   0.804091733680000 	    4.077314155000000 	    2.963100706400000 	    0.109198892350000 
   0.814729480060000 	    4.121614401300000 	    2.997985051100000 	    0.115123778240000 
   0.825367226440000 	    4.164737296100000 	    3.031680586300000 	    0.121879277180000 
   0.834604337050000 	    4.201192161200000 	    3.059925111100000 	    0.128502480290000 
   0.843841447670000 	    4.236690167800000 	    3.087175495200000 	    0.135916264570000 
   0.853078558280000 	    4.271190919000000 	    3.113375733800000 	    0.144217335030000 
   0.862315668890000 	    4.304647684300000 	    3.138461758600000 	    0.153518319640000 
   0.870395334710000 	    4.333014024800000 	    3.159433564600000 	    0.162576279960000 
   0.878475000530000 	    4.360499027500000 	    3.179441267100000 	    0.172601076240000 
   0.886554666350000 	    4.387055512000000 	    3.198421881400000 	    0.183709957040000 
   0.894634332180000 	    4.412629728400000 	    3.216304179300000 	    0.196038214370000 
   0.901745172350000 	    4.434276289400000 	    3.231069832700000 	    0.208020607810000 
   0.908856012520000 	    4.455067487000000 	    3.244860759300000 	    0.221190677150000 
   0.915966852690000 	    4.474950086000000 	    3.257607780900000 	    0.235688692870000 
   0.923077692870000 	    4.493864071200000 	    3.269233375600000 	    0.251675499610000 
   0.929374620190000 	    4.509750349000000 	    3.278522532300000 	    0.267223068710000 
   0.935671547510000 	    4.524771382900000 	    3.286796978000000 	    0.284229188560000 
   0.941968474820000 	    4.538868231800000 	    3.293981893900000 	    0.302860956090000 
   0.948265402140000 	    4.551974966000000 	    3.299994070600000 	    0.323309035270000 
   0.953878026320000 	    4.562763058100000 	    3.304289431200000 	    0.343242233880000 
   0.959490650500000 	    4.572647824300000 	    3.307507074100000 	    0.364966655850000 
   0.965103274680000 	    4.581564594500000 	    3.309566817600000 	    0.388681575110000 
   0.970715898850000 	    4.589441479600000 	    3.310380076400000 	    0.414613423980000 
   0.975755017100000 	    4.595561964300000 	    3.309967963000000 	    0.439995496890000 
   0.980794135340000 	    4.600715770500000 	    3.308394316700000 	    0.467583160680000 
   0.985833253590000 	    4.604832041400000 	    3.305573526300000 	    0.497615478640000 
   0.990872371840000 	    4.607832419600000 	    3.301411578500000 	    0.530363103490000 
   0.995436185920000 	    4.609514548400000 	    3.296398741200000 	    0.562620693890000 
   1.000000000000000 	    4.610139345700000 	    3.290117304600000 	    0.597614122660000 
